31 0
30 0.25
29 0.5
28 0.75
27 1
26 1.25
25 1.5
24 1.75
23 2
22 2.25
21 2.5
20 2.75
19 3
18 3.25
17 3.5
16 3.75
15 4
14 4.25
13 4.5
12 4.75
11 5
10 5.25
9 5.5
8 5.75
7 6
6 6.25
5 6.5
4 6.75
3 7
2 7.25
1 7.5
0 7.75
-1 8
-2 8.25
-3 8.5
-4 8.75
-5 9
-6 9.25
-7 9.5
-8 9.75
-9 10
-10 10.25
-11 10.5
-12 10.75
31 0
30 0.25
29 0.5
28 0.75
27 1
26 1.25
25 1.5
24 1.75
23 2
22 2.25
21 2.5
20 2.75
19 3
18 3.25
17 3.5
16 3.75
15 4
14 4.25
13 4.5
12 4.75
11 5
10 5.25
9 5.5
8 5.75
7 6
6 6.25
5 6.5
4 6.75
3 7
2 7.25
1 7.5
0 7.75
-1 8
-2 8.25
-3 8.5
-4 8.75
-5 9
-6 9.25
-7 9.5
-8 9.75
-9 10
-10 10.25
-11 10.5
-12 10.75
31 0
30 0.25
29 0.5
28 0.75
27 1
26 1.25
25 1.5
24 1.75
23 2
22 2.25
21 2.5
20 2.75
19 3
18 3.25
17 3.5
16 3.75
15 4
14 4.25
13 4.5
12 4.75
11 5
10 5.25
9 5.5
8 5.75
7 6
6 6.25
5 6.5
4 6.75
3 7
2 7.25
1 7.5
0 7.75
-1 8
-2 8.25
-3 8.5
-4 8.75
-5 9
-6 9.25
-7 9.5
-8 9.75
-9 10
-10 10.25
-11 10.5
-12 10.75